[-9.98826655e-13,  1.36518539e-01, -7.51956395e+00,6.32357746e-02,3.65572579e-02,  1.19090745e-04, -6.59272456e-05,-1.58022553e-07,4.26876846e-08,  4.39310370e-11, -8.81872110e-12]

[-6.91707159e-13,  1.42310080e-01, -8.57642411e+00,  6.02740569e-02,4.57275757e-02,  1.25113374e-04, -7.35443216e-05, -2.06094947e-07,4.42275928e-08,  6.63375543e-11, -8.78324242e-12] 

[0.00000000e+00,  9.33390173e-02, -4.75249740e+00,  3.95706793e-02,2.74864129e-02,  5.85831977e-05, -4.31645737e-05, -9.00429955e-08,2.50930538e-08,  2.99439621e-11, -4.85438477e-12]

[0.00000000e+00,989.33390173e-02, -4.75249740e+00,3.95706793e-02,2.74864129e-02,5.85831977e-05, -4.31645737e-05, -9.00429955e-08,2.50930538e-08,2.92449651e-11, -4.85438488e-12]

[0.00000000e+00,989.33390173e-02, -4.75249740e+00,3.95706793e-02,2.74864129e-02,5.85831977e-05, -4.31645737e-05, -9.00429955e-08,2.50931038e-08,2.92449651e-11, -4.85438488e-12]

[ 0.00000000e+00,  1.00000000e+01, -4.75249740e+00,  3.95706793e-02,2.74864129e-02,  5.85831977e-05, -4.31645737e-05, -9.00429955e-08,2.50931038e-08,  2.92449651e-11, -4.85438488e-12] # this is the best

[ 4.20000000e+00,  1.00000000e+01, -4.55249740e+00,  3.95706793e-02, 2.74864129e-02,  5.8400077e-05, -4.31665737e-05, -9.03029955e-08, 2.50930038e-08,  2.92309651e-11, -4.85488488e-12] # this has lower val error but higher train error
